DBAR
====================================================================================================
  BARRA       PD(PU)    QD(PU)    Bsh(PU)    TIPO    Vesp(PU)   Oesp()   PGesp(PU) Cus($/MW) CGmin(PU) CGmax(PU)
    1        0.0       0.0       0.0        PQ       1.0       0.0       0.0       0.0       0.0       0.0    
    2        0.0       0.0       0.0        PQ       1.0       0.0       0.0       0.0       0.0       0.0    
    3        0.0       0.0       0.0        SW      1.0292     0.0       0.6       0.0       0.0       1.0    
    4        0.0       0.0       0.0        PQ       1.0       0.0       0.0       0.0       0.0       0.0    
    5       0.246     0.012      0.0        PQ       1.0       0.0       0.0       0.0       0.0       0.0    
    6        0.0       0.0       0.0        PQ       1.0       0.0       0.0       0.0       0.0       0.0    
    7      0.435     0.0554     0.1        PQ       1.0       0.0       0.0       0.0       0.0       0.0    
    8      0.327     0.0372     0.0        PQ       1.0       0.0       0.0       0.0       0.0       0.0    
    9      0.4108    0.0261     0.0        PV       1.0       0.0       0.5       0.0       0.0       0.8    
====================================================================================================
####
DCIR
====================================================================================================
   BDE      BPARA     NCIR      RES(PU)  REAT(PU)  SUCsh(PU) TAP(PU)  DEF(GRAUS)   L/D     CAP(PU)
    1         4         1        0.0      0.0421     0.0       1.0       8.0        L        0.8    
    2         5         2        0.0      0.252      0.0       1.0       10.0       L        0.8    
    2         3         3       0.0134    0.1421     0.0       1.0       0.0        L        0.8    
    3         6         4        0.0       0.11      0.0      1.0447     -7.0       L        0.8    
    4         5         5       0.095     0.0989     0.0       1.0       0.0        L        0.5    
    4         7        6      0.1271    0.2704     0.0       1.0       0.0        L        0.5    
    5         8        7      0.1351    0.1569     0.0       1.0       0.0        L        0.5    
    6         8        8      0.2209    0.1999     0.0       1.0       0.0        L        0.5    
    6         9        9      0.1229    0.2558     0.0       1.0       0.0        L        0.5    
    7        8        10      0.1709    0.2514     0.0       1.0       0.0        L        0.5    
====================================================================================================
####
