0.4638671875
0.37109375
0.3515625
0.302734375
0.244140625
0.33203125
0.4931640625
0.419921875
0.4345703125
0.5126953125
0.6201171875
0.458984375
0.419921875
0.439453125
0.41015625
0.60546875
0.341796875
0.458984375
0.6396484375
0.517578125
0.5615234375
0.4248046875
0.4833984375
0.52734375
0.37109375
0.48828125
0.25390625
0.361328125
0.5224609375
0.419921875
0.341796875
0.400390625
0.4296875
0.4443359375
0.2490234375
0.46875
0.4296875
0.400390625
0.46875
0.322265625
0.4296875
0.400390625
0.4248046875
0.3271484375
0.3515625
0.2685546875
0.33203125
0.302734375
0.341796875
0.263671875
0.2099609375
0.2734375
0.380859375
0.29296875
0.3076171875
0.2734375
0.341796875
0.1318359375
0.380859375
0.4248046875
0.3564453125
0.234375
0.25390625
0.2392578125
0.1708984375
0.2685546875
0.1708984375
0.2001953125
0.3271484375
0.2978515625
0.2099609375
0.244140625
0.361328125
0.21484375
0.29296875
0.3076171875
0.2099609375
0.1904296875
0.234375
0.2392578125
0.126953125
0.380859375
0.15625
0.2783203125
0.2978515625
0.3466796875
0.2392578125
0.2392578125
0.2734375
0.15625
0.09765625
0.2392578125
0.37109375
0.283203125
0.244140625
0.2734375
0.234375
0.2978515625
0.166015625
0.185546875
0.1220703125
0.2099609375
0.3271484375
0.2978515625
0.29296875
0.2392578125
0.2001953125
0.2392578125
0.283203125
0.2392578125
0.1318359375
0.185546875
0.1611328125
0.087890625
0.1025390625
0.2392578125
0.15625
0.1806640625
0.1611328125
0.0439453125
0.2978515625
0.0927734375
0.15625
0.0439453125
0.302734375
0.2001953125
0.1318359375
0.205078125
0.2294921875
0.087890625
0.2490234375
0.1904296875
0.2587890625
0.087890625
0.2294921875
0.1806640625
0.2099609375
0.2880859375
0.0927734375
0.322265625
0.1806640625
0.205078125
0.107421875
0.087890625
0.3076171875
0.3173828125
0.322265625
0.3173828125
0.322265625
0.2978515625
0.3173828125
0.3076171875
0.341796875
0.322265625
0.244140625
0.2392578125
0.2294921875
0.234375
0.234375
0.244140625
0.1806640625
0.21484375
0.2294921875
0.224609375
0.2734375
0.234375
0.2490234375
0.21484375
0.1708984375
0.2197265625
0.1904296875
0.146484375
0.1953125
0.15625
0.2099609375
0.302734375
0.1953125
0.146484375
0.107421875
0.17578125
0.1220703125
0.2001953125
0.2001953125
0.2734375
0.1806640625
0.234375
0.1953125
0.2197265625
0.1513671875
0.107421875
0.05859375
0.107421875
0.185546875
0.1611328125
0.1318359375
0.224609375
0.146484375
0.1806640625
0.244140625
0.1806640625
0.224609375
0.224609375
0.13671875
0.224609375
0.1171875
0.107421875
0.234375
0.17578125
0.09765625
0.17578125
0.234375
0.3466796875
0.263671875
0.2880859375
0.29296875
0.2685546875
0.3564453125
0.390625
0.3564453125
0.3955078125
0.3759765625
0.4150390625
0.41015625
0.439453125
0.4150390625
0.4345703125
0.517578125
0.4443359375
0.48828125
0.4833984375
0.458984375
0.458984375
0.4833984375
0.5078125
0.44921875
0.5029296875
0.4345703125
0.478515625
0.4931640625
0.46875
0.4931640625
0.4833984375
0.4443359375
0.44921875
0.4443359375
0.380859375
0.46875
0.478515625
0.4052734375
0.3955078125
0.4638671875
0.3759765625
0.458984375
0.44921875
0.478515625
0.5029296875
0.400390625
0.3125
0.5419921875
0.44921875
0.4345703125
0.4541015625
0.52734375
0.3564453125
0.4248046875
0.3662109375
0.2978515625
0.2880859375
0.400390625
0.419921875
0.3466796875
0.41015625
0.390625
0.380859375
0.4248046875
0.4248046875
0.5322265625
0.361328125
0.400390625
0.380859375
0.3955078125
0.234375
0.3466796875
0.3515625
0.5224609375
0.5224609375
0.380859375
0.3271484375
0.4248046875
0.390625
0.5029296875
0.3271484375
0.5517578125
0.2978515625
0.5517578125
0.3564453125
0.4443359375
0.4052734375
0.3369140625
0.4296875
0.390625
0.3662109375
0.234375
0.5078125
0.3271484375
0.302734375
0.44921875
0.3076171875
0.400390625
0.517578125
0.3271484375
0.4150390625
0.3759765625
0.361328125
0.3955078125
0.3125
0.33203125
0.361328125
0.3271484375
0.390625
0.380859375
0.4345703125
0.48828125
0.4541015625
0.4150390625
0.4248046875
0.4248046875
0.361328125
0.44921875
0.4150390625
0.458984375
0.46875
0.4150390625
0.4296875
0.41015625
0.3857421875
0.3369140625
0.400390625
0.4150390625
0.4052734375
0.439453125
0.458984375
0.4443359375
0.4443359375
0.4443359375
0.3564453125
0.400390625
0.4345703125
0.4541015625
0.419921875
0.46875
0.3662109375
0.390625
0.41015625
0.41015625
0.4296875
0.458984375
0.4150390625
0.4638671875
0.4443359375
0.546875
0.6298828125
0.5615234375
0.5712890625
0.6396484375
0.693359375
0.634765625
0.6494140625
0.6640625
0.6982421875
0.64453125
0.6396484375
0.6201171875
0.68359375
0.6884765625
0.6689453125
0.6884765625
0.595703125
0.6640625
0.64453125
0.6494140625
0.5908203125
0.654296875
0.771484375
0.654296875
0.7080078125
0.6640625
0.6494140625
0.703125
0.732421875
0.64453125
0.6005859375
0.615234375
0.7275390625
0.6591796875
0.7275390625
0.6689453125
0.732421875
0.6982421875
0.6640625
0.6396484375
0.654296875
0.6005859375
0.6591796875
0.68359375
0.6494140625
0.6494140625
0.6494140625
0.625
0.703125
0.6494140625
0.6884765625
0.703125
0.6787109375
0.7177734375
0.693359375
0.6591796875
0.6982421875
0.5908203125
0.654296875
0.6689453125
0.703125
0.6396484375
0.6591796875
0.6591796875
0.7080078125
0.6982421875
0.6884765625
0.7080078125
0.7373046875
0.5712890625
0.712890625
0.72265625
0.6982421875
0.6884765625
0.6396484375
0.6298828125
0.673828125
0.6396484375
0.6689453125
0.634765625
0.6591796875
0.634765625
0.6201171875
0.6494140625
0.6201171875
0.6689453125
0.673828125
0.64453125
0.7080078125
0.6396484375
0.7080078125
0.7080078125
0.693359375
0.6884765625
0.595703125
0.68359375
0.6298828125
0.6884765625
0.634765625
0.6591796875
0.6591796875
0.5859375
0.56640625
0.5908203125
0.6787109375
0.68359375
0.693359375
0.7080078125
0.72265625
0.6982421875
0.8154296875
0.7861328125
0.771484375
0.83984375
0.869140625
0.869140625
0.849609375
0.80078125
0.849609375
0.87890625
0.8349609375
0.87890625
0.791015625
0.859375
0.9423828125
0.908203125
0.9375
0.91796875
0.947265625
0.9033203125
0.986328125
0.9765625
0.9716796875
0.9423828125
0.9326171875
0.95703125
0.8056640625
0.9912109375
0.9716796875
1.015625
0.927734375
0.9228515625
0.8935546875
0.8935546875
0.869140625
0.8935546875
0.8447265625
0.91796875
0.9326171875
0.9326171875
0.9521484375
0.9130859375
0.8837890625
0.8740234375
0.9130859375
0.87890625
0.7177734375
0.986328125
0.966796875
0.9765625
0.9423828125
0.91796875
0.91796875
0.9130859375
0.9716796875
0.9375
0.9326171875
0.9326171875
0.9130859375
0.966796875
0.947265625
1.025390625
1.0302734375
1.03515625
1.044921875
1.123046875
1.0302734375
1.0302734375
1.0546875
1.025390625
1.0546875
1.0791015625
1.0546875
1.11328125
1.0546875
1.07421875
1.11328125
1.0888671875
1.1669921875
1.201171875
1.1572265625
1.1572265625
1.2060546875
1.25
1.2353515625
1.23046875
1.2158203125
1.26953125
1.171875
1.2353515625
1.2255859375
1.240234375
1.2548828125
1.19140625
1.201171875
1.2255859375
1.181640625
1.2353515625
1.2255859375
1.23046875
1.2158203125
1.23046875
1.2646484375
1.240234375
1.1962890625
1.2255859375
1.2158203125
1.2060546875
1.1865234375
1.1669921875
1.171875
1.1962890625
1.142578125
1.2060546875
1.2158203125
1.19140625
1.181640625
1.19140625
1.201171875
1.1962890625
1.1865234375
1.2060546875
1.1767578125
1.181640625
1.2158203125
1.1767578125
1.2060546875
1.2060546875
1.1474609375
1.171875
1.1279296875
1.181640625
1.1328125
1.19140625
1.240234375
1.171875
1.23046875
1.2548828125
1.259765625
1.19140625
1.2255859375
1.2158203125
1.25
1.1572265625
1.2451171875
1.1669921875
1.1669921875
1.1376953125
1.1962890625
1.1328125
1.2060546875
1.1767578125
1.1767578125
1.2158203125
1.220703125
1.2353515625
1.2353515625
1.181640625
1.1962890625
1.1279296875
1.1669921875
1.171875
1.1669921875
1.123046875
1.1376953125
1.220703125
1.1669921875
1.1669921875
1.2451171875
1.1669921875
1.2158203125
1.19140625
1.2646484375
1.2109375
1.2255859375
1.2451171875
1.2255859375
1.181640625
1.1865234375
1.19140625
1.15234375
1.09375
1.1474609375
1.162109375
1.07421875
1.201171875
1.0302734375
1.1767578125
1.0888671875
1.2060546875
1.03515625
1.181640625
1.0498046875
1.3134765625
1.103515625
1.103515625
1.201171875
1.1669921875
1.1474609375
1.0791015625
1.0546875
1.07421875
1.240234375
1.0546875
1.03515625
1.2158203125
0.9912109375
1.1328125
1.2548828125
1.0986328125
1.2060546875
1.064453125
1.19140625
1.220703125
0.986328125
1.1474609375
1.259765625
1.3525390625
1.2841796875
1.2744140625
1.357421875
1.3134765625
1.220703125
1.4501953125
1.2255859375
1.3427734375
1.42578125
1.318359375
1.416015625
1.3037109375
1.376953125
1.181640625
1.3330078125
1.591796875
1.3916015625
1.40625
1.38671875
1.4697265625
1.3671875
1.46484375
1.38671875
1.5380859375
1.54296875
1.4990234375
1.5673828125
1.6259765625
1.5576171875
1.3671875
1.4794921875
1.2744140625
1.3623046875
1.494140625
1.494140625
1.5087890625
1.5234375
1.494140625
1.435546875
1.484375
1.5185546875
1.4208984375
1.4453125
1.4111328125
1.2890625
1.2841796875
1.38671875
1.4013671875
1.3671875
1.6845703125
1.4306640625
1.46484375
1.3720703125
1.34765625
1.533203125
1.4990234375
1.6259765625
1.54296875
1.3427734375
1.3427734375
1.34765625
1.4013671875
1.5576171875
1.376953125
1.4697265625
1.5283203125
1.4599609375
1.484375
1.3671875
1.5673828125
1.5673828125
1.3525390625
1.5234375
1.474609375
1.5380859375
1.4013671875
1.6064453125
1.5380859375
1.3427734375
1.26953125
1.5380859375
1.572265625
1.4794921875
1.455078125
1.4208984375
1.376953125
1.3916015625
1.484375
1.5869140625
1.4208984375
1.591796875
1.3916015625
1.494140625
1.50390625
1.5234375
1.6552734375
1.5576171875
1.71875
1.513671875
1.728515625
1.5966796875
1.6357421875
1.8896484375
1.806640625
1.8359375
1.8408203125
1.708984375
1.7724609375
1.9091796875
1.6943359375
1.6796875
1.7724609375
1.689453125
1.552734375
1.7138671875
1.7431640625
1.7626953125
1.728515625
1.7236328125
1.7626953125
1.6748046875
1.6845703125
1.6748046875
1.7724609375
1.826171875
1.5869140625
1.7822265625
1.6748046875
1.8115234375
1.865234375
1.8798828125
1.7431640625
1.669921875
1.7529296875
1.8505859375
1.630859375
1.7578125
1.826171875
1.6552734375
1.81640625
1.7529296875
1.6845703125
1.5283203125
1.7578125
1.9140625
1.8408203125
1.69921875
1.7578125
1.845703125
1.7236328125
1.7529296875
1.81640625
1.6162109375
1.71875
1.689453125
1.630859375
1.5966796875
1.669921875
1.85546875
1.650390625
1.62109375
1.7236328125
1.8017578125
1.73828125
1.7822265625
1.6943359375
1.6796875
1.71875
1.7041015625
1.796875
1.6796875
1.7529296875
1.7138671875
1.66015625
1.7919921875
1.689453125
1.7822265625
1.7724609375
1.7041015625
1.6650390625
1.748046875
1.6650390625
1.9384765625
1.728515625
1.806640625
1.9091796875
2.1630859375
1.7822265625
2.021484375
2.1435546875
1.8701171875
1.93359375
2.05078125
2.041015625
1.9873046875
2.05078125
2.158203125
2.119140625
2.0556640625
2.1533203125
2.0556640625
2.16796875
2.0849609375
2.080078125
1.9287109375
2.0556640625
1.97265625
2.1630859375
2.099609375
2.1728515625
2.060546875
2.0263671875
1.9140625
2.0263671875
1.962890625
2.0654296875
1.806640625
2.1044921875
2.0263671875
1.9091796875
1.943359375
2.0361328125
1.9189453125
2.080078125
2.0263671875
1.9970703125
2.0361328125
2.0263671875
1.9775390625
2.1142578125
2.03125
2.1044921875
2.03125
1.85546875
2.0556640625
2.0361328125
1.9677734375
2.0703125
2.03125
2.0458984375
2.041015625
2.01171875
2.05078125
2.0166015625
1.9873046875
1.9775390625
1.9970703125
2.01171875
1.93359375
1.962890625
2.0458984375
2.1728515625
2.0166015625
1.943359375
2.001953125
2.12890625
2.001953125
1.9921875
